注意复制时不要漏掉每段的最后两个空格
==============================
画出零位线
line -5500.0,0 5500.0,0  
==============================
画出伸张轮廓母线
line 4500.0,-500 4500.0,4174.9  
==============================
画出伸张轮廓每个半径处的厚度
spline 3791.17924315,784.98 4297.24075775,784.98 5140.67661542,792.46949418 5225.02020119,802.18990152 5309.36378696,816.850188 5376.83865557,832.785282 5410.57608988,845.69270814 5444.31352418,862.2652059 5478.05095849,896.525658 5444.31352418,950.22692478 5410.57608988,975.4043733 5376.83865557,995.80129362 5309.36378696,1027.35277974 5225.02020119,1056.6733527 5140.67661542,1078.82313336 4971.98944389,1103.04447624 4938.25200958,1103.68188 4803.30227235,1096.5110877 4634.61510082,1071.65234106 4465.92792928,1034.04551922 4297.24075775,986.24023722 4128.55358622,929.1926007 3959.86641468,865.61157564 3875.52282891,832.785282 3791.17924315,799.3215846  line 3791.17924315,799.3215846 3791.17924315,784.98  
==============================
spline 3652.00091857,1177.47 4242.93839505,1177.47 5227.83418917,1184.09248377 5326.32376858,1192.68762228 5424.813348,1205.650782 5503.60501153,1219.741173 5543.00084329,1231.15438971 5582.39667506,1245.80839635 5621.79250682,1276.102737 5582.39667506,1323.58735467 5543.00084329,1345.85017245 5503.60501153,1363.88587293 5424.813348,1391.78484711 5326.32376858,1417.71116655 5227.83418917,1437.29681004 5030.85503035,1458.71420436 4991.45919858,1459.27782 4833.87587152,1452.93714405 4636.8967127,1430.95613409 4439.91755387,1397.70281133 4242.93839505,1355.43163833 4045.95923622,1304.98803855 3848.9800774,1248.76737846 3750.49049799,1219.741173 3652.00091857,1190.1513519  line 3652.00091857,1190.1513519 3652.00091857,1177.47  
==============================
spline 3517.38581775,1569.96 4179.66169229,1569.96 5283.45481652,1575.71547336 5393.83412894,1583.18534304 5504.21344136,1594.451376 5592.5168913,1606.697064 5636.66861627,1616.61607128 5680.82034124,1629.3515868 5724.97206621,1655.679816 5680.82034124,1696.94778456 5636.66861627,1716.2959716 5592.5168913,1731.97045224 5504.21344136,1756.21691448 5393.83412894,1778.7489804 5283.45481652,1795.77048672 5062.69619167,1814.38393248 5018.5444667,1814.87376 4841.93756682,1809.3632004 4621.17894198,1790.25992712 4400.42031713,1761.36010344 4179.66169229,1724.62303944 3958.90306744,1680.7834764 3738.1444426,1631.92318128 3627.76513018,1606.697064 3517.38581775,1580.9811192  line 3517.38581775,1580.9811192 3517.38581775,1569.96  
==============================
spline 3396.20687577,1962.45 4108.43615796,1962.45 5302.10182197,1967.33846295 5423.59694465,1973.6830638 5544.85290371,1983.25197 5642.19250003,1993.652955 5690.74271638,2002.07775285 5739.29293273,2012.89477725 5787.84314907,2035.256895 5739.29293273,2070.30821445 5690.74271638,2086.74177075 5642.19250003,2100.05503155 5544.85290371,2120.64898185 5423.59694465,2139.78679425 5302.10182197,2154.2441634 5059.1115766,2170.0536606 5010.56136025,2170.4697 4820.66544015,2165.78925675 4583.17595821,2149.56372015 4345.9256399,2125.01739555 4108.43615796,2093.81444055 3870.94667602,2056.57891425 3633.69635771,2015.0789841 3514.83203493,1993.652955 3396.20687577,1971.8108865  line 3396.20687577,1971.8108865 3396.20687577,1962.45  
==============================
spline 3284.15438131,2354.94 4005.76210237,2354.94 5248.72637676,2358.96145254 5385.66098957,2364.18078456 5522.59560238,2372.052564 5632.39454879,2380.77997164 5687.16839391,2387.53943442 5741.94223903,2396.4379677 5796.71608416,2414.833974 5741.94223903,2443.66864434 5687.16839391,2457.1875699 5632.39454879,2468.13961086 5522.59560238,2485.08104922 5385.66098957,2500.8246081 5248.72637676,2512.71784008 4974.60589498,2525.72338872 4919.83204986,2526.06564 4727.36982342,2522.2153131 4486.91766846,2508.86751318 4244.95797648,2488.67468766 4005.76210237,2463.00584166 3765.3099474,2432.3743521 3524.60653627,2398.23478692 3404.50608687,2380.608846 3284.15438131,2362.6406538  line 3284.15438131,2362.6406538 3284.15438131,2354.94  
==============================
spline 3198.72069209,2747.43 3865.078928,2747.43 5090.18789092,2750.58444213 5248.82055663,2754.67850532 5407.45322235,2760.853158 5534.258315,2767.564737 5597.66086133,2773.00111599 5661.31600745,2779.98115815 5724.71855377,2794.411053 5661.31600745,2817.02907423 5597.66086133,2827.63336905 5534.258315,2836.22419017 5407.45322235,2849.51311659 5248.82055663,2861.86242195 5090.18789092,2871.19151676 4772.6699597,2881.39311684 4709.26741338,2881.66158 4531.6897637,2878.64136945 4309.40195187,2868.17130621 4087.36673983,2852.33197977 3865.078928,2832.19724277 3643.04371596,2808.16978995 3420.75590413,2781.39058974 3309.864598,2767.564737 3198.72069209,2753.4704211  line 3198.72069209,2753.4704211 3198.72069209,2747.43  
==============================
spline 3171.84837441,3139.92 3739.32145011,3139.92 4858.95595772,3142.20743172 5026.20622079,3145.17622608 5193.22092012,3149.653752 5327.02113058,3154.520628 5393.68567206,3158.46279756 5460.58577729,3163.5243486 5527.48588252,3173.988132 5460.58577729,3190.38950412 5393.68567206,3198.0791682 5327.02113058,3204.30876948 5193.22092012,3213.94518396 5026.20622079,3222.9002358 4858.95595772,3229.66519344 4524.92655907,3237.06284496 4458.02645384,3237.25752 4306.79452582,3235.0674258 4117.63683392,3227.47509924 3928.47914201,3215.98927188 3739.32145011,3201.38864388 3550.16375821,3183.9652278 3361.00606631,3164.54639256 3266.30943849,3154.520628 3171.84837441,3144.3001884  line 3171.84837441,3144.3001884 3171.84837441,3139.92  
==============================
spline 3270.71822247,3532.41 3691.39543207,3532.41 4566.71757628,3533.83042131 4709.30736694,3535.67394684 4851.89715759,3538.54501119 4965.93166295,3541.61553896 5023.04223355,3543.91843478 5079.9661683,3546.37243926 5137.0767389,3550.82107792 5079.9661683,3561.55583641 5023.04223355,3565.85336642 4965.93166295,3570.15089642 4851.89715759,3577.19860386 4709.30736694,3583.93804965 4566.71757628,3588.13887012 4281.35135912,3592.73257308 4224.42742437,3592.85346 4112.25927753,3591.49348215 3972.09575294,3586.77889227 3831.74559251,3579.64656399 3691.39543207,3570.58004499 3551.23190749,3559.76066565 3411.25501876,3547.70219538 3340.89330269,3541.476519 3270.71822247,3535.1299557  line 3270.71822247,3535.1299557 3270.71822247,3532.41  
==============================
line 3433.47320312,3728.655 4843.5093439,3728.655  spline 4843.5093439,3728.655 4799.37521269,3735.3863605 4755.3820851,3739.67188031 4711.24795389,3745.46644567 4623.12069509,3750.08259906 4512.9968725,3757.63206571 4402.8730499,3764.1557205 4182.62540471,3770.95914216 4138.49127351,3771.04392 4055.58114843,3770.0901693 3951.94349208,3766.78383354 3848.16483212,3761.78194098 3744.52717577,3755.42360298 3640.74851581,3747.8359863 3537.11085947,3739.37939676 3485.3625331,3735.013338 3433.47320312,3730.5625014  line 3433.47320312,3730.5625014 3433.47320312,3728.655  
==============================
画出伸张轮廓的外围轮廓
spline 5478.05095849,784.98 5621.79250682,1177.47 5724.97206621,1569.96 5787.84314907,1962.45 5796.71608416,2354.94 5724.71855377,2747.43 5527.48588252,3139.92 5137.0767389,3532.41 4843.5093439,3728.655 4061.67700694,3924.9 3433.47320312,3728.655 3270.71822247,3532.41 3171.84837441,3139.92 3198.72069209,2747.43 3284.15438131,2354.94 3396.20687577,1962.45 3517.38581775,1569.96 3652.00091857,1177.47 3791.17924315,784.98  
==============================
画出最大厚度线
spline 4938.25200958,784.98 4991.45919858,1177.47 5018.5444667,1569.96 5010.56136025,1962.45 4919.83204986,2354.94 4709.26741338,2747.43 4455.67081633,3139.92 4224.42742437,3532.41 4138.49127351,3728.655 4061.67700694,3924.9  
==============================
画出正投轮廓母线
line 0,-500 0,4174.9  
==============================
画出正投轮廓
spline 427.709684266,658.223386386 681.087438409,960.497528441 877.414153151,1301.89047368 1016.84294177,1678.46371253 1091.26911826,2086.83351399 1078.58876428,2526.85929218 936.463860429,2997.02069471 596.118310834,3481.74717169 327.333738774,3714.2591095 -419.258837199,3902.44308574 -1005.57899314,3590.49843303 -1146.64808844,3341.12534476 -1213.65024703,2895.88512968 -1161.86914434,2489.66497673 -1053.56354931,2106.12113877 -915.896315533,1735.6105386 -761.02139326,1373.17909997 -583.512630858,1022.71629034 -388.880976806,681.883557712  
==============================
画出侧投轮廓母线
line -4500.0,-500 -4500.0,4174.9  
==============================
画出侧投轮廓基准线
line -4500.0,0 -5181.55173261,3924.9  spline -4317.60846652,784.98 -4422.65769978,1177.47 -4527.70693305,1569.96 -4632.75616631,1962.45 -4737.80539957,2354.94 -4842.85463283,2747.43 -4947.90386609,3139.92 -5052.95309935,3532.41 -5105.08522598,3728.655 -5158.00233261,3924.9  
==============================
line -4636.31034652,784.98 -4317.60846652,784.98  line -4704.46551978,1177.47 -4422.65769978,1177.47  line -4772.62069305,1569.96 -4527.70693305,1569.96  line -4840.77586631,1962.45 -4632.75616631,1962.45  line -4908.93103957,2354.94 -4737.80539957,2354.94  line -4977.08621283,2747.43 -4842.85463283,2747.43  line -5045.24138609,3139.92 -4947.90386609,3139.92  line -5113.39655935,3532.41 -5052.95309935,3532.41  line -5147.47414598,3728.655 -5105.08522598,3728.655  line -5181.55173261,3924.9 -5158.00233261,3924.9  
==============================
画出侧投轮廓
spline -3760.09038361,690.580384162 -3837.9210507,994.699623918 -3965.23664095,1334.49674115 -4113.55060554,1708.5915315 -4276.92496793,2114.786027 -4454.05271553,2526.85929218 -4654.58484879,2997.02069471 -4895.62807012,3481.74717169 -5044.63981623,3714.2591095 -5306.75716134,3902.44308574 -5464.93384798,3590.49843303 -5497.28921768,3341.12534476 -5504.84229002,2895.88512968 -5481.33080808,2489.66497673 -5442.9665923,2106.12113877 -5397.93244784,1735.6105386 -5350.91008099,1373.17909997 -5293.1525935,1022.71629034 -5216.91582026,681.883557712  
==============================
