注意复制时不要漏掉每段的最后两个空格
==============================
画出零位线
line -5500.0,0 5500.0,0  
==============================
画出伸张轮廓母线
line 4500.0,-500 4500.0,4150.0  
==============================
画出伸张轮廓每个半径处的厚度
spline 3805.23793075,780.0 4301.26226646,780.0 5127.96949263,787.44198 5210.64021525,797.10072 5293.31093787,811.668 5359.44751596,827.502 5392.51580501,840.32754 5425.58409406,856.7949 5458.6523831,890.838 5425.58409406,944.19858 5392.51580501,969.2163 5359.44751596,989.48382 5293.31093787,1020.83514 5210.64021525,1049.9697 5127.96949263,1071.97896 4962.6280474,1096.04664 4929.55975835,1096.68 4797.28660216,1089.5547 4631.94515693,1064.85366 4466.60371169,1027.48542 4301.26226646,979.98342 4135.92082122,923.2977 3970.57937599,860.12004 3887.90865337,827.502 3805.23793075,794.2506  line 3805.23793075,794.2506 3805.23793075,780.0  
==============================
spline 3668.82005664,1170.0 4248.03693197,1170.0 5213.39839085,1176.58047 5309.93453674,1185.12108 5406.47068262,1198.002 5483.69959933,1212.003 5522.31405769,1223.34381 5560.92851604,1237.90485 5599.5429744,1268.007 5560.92851604,1315.19037 5522.31405769,1337.31195 5483.69959933,1355.23323 5406.47068262,1382.95521 5309.93453674,1408.71705 5213.39839085,1428.17844 5020.32609907,1449.45996 4981.71164072,1450.02 4827.2538073,1443.71955 4634.18151552,1421.87799 4441.10922374,1388.83563 4248.03693197,1346.83263 4054.96464019,1296.70905 3861.89234842,1240.84506 3765.35620253,1212.003 3668.82005664,1182.6009  line 3668.82005664,1182.6009 3668.82005664,1170.0  
==============================
spline 3536.87489971,1560.0 4186.01525368,1560.0 5267.91584364,1565.71896 5376.10590263,1573.14144 5484.29596163,1584.336 5570.84800882,1596.504 5614.12403242,1606.36008 5657.40005602,1619.0148 5700.67607962,1645.176 5657.40005602,1686.18216 5614.12403242,1705.4076 5570.84800882,1720.98264 5484.29596163,1745.07528 5376.10590263,1767.4644 5267.91584364,1784.37792 5051.53572564,1802.87328 5008.25970205,1803.36 4835.15560765,1797.8844 4618.77548966,1778.90232 4402.39537167,1750.18584 4186.01525368,1713.68184 3969.63513569,1670.1204 3753.2550177,1621.57008 3645.06495871,1596.504 3536.87489971,1570.9512  line 3536.87489971,1570.9512 3536.87489971,1560.0  
==============================
spline 3418.09941005,1950.0 4116.20240025,1950.0 5286.19300605,1954.85745 5405.27840531,1961.1618 5524.1293845,1970.67 5619.53835596,1981.005 5667.12563166,1989.37635 5714.71290735,2000.12475 5762.30018304,2022.345 5714.71290735,2057.17395 5667.12563166,2073.50325 5619.53835596,2086.73205 5524.1293845,2107.19535 5405.27840531,2126.21175 5286.19300605,2140.5774 5048.02220751,2156.2866 5000.43493182,2156.7 4814.30539044,2152.04925 4581.52625368,2135.92665 4348.981537,2111.53605 4116.20240025,2080.53105 3883.42326349,2043.53175 3650.87854681,2002.2951 3534.37176839,1981.005 3418.09941005,1959.3015  line 3418.09941005,1959.3015 3418.09941005,1950.0  
==============================
spline 3308.26935475,2340.0 4015.5647727,2340.0 5233.87620466,2343.99594 5368.09486858,2349.18216 5502.3135325,2357.004 5609.93473641,2365.67604 5663.62220198,2372.39262 5717.30966755,2381.2347 5770.99713312,2399.514 5717.30966755,2428.16574 5663.62220198,2441.5989 5609.93473641,2452.48146 5502.3135325,2469.31542 5368.09486858,2484.9591 5233.87620466,2496.77688 4965.19260404,2509.69992 4911.50513847,2510.04 4722.86019065,2506.2141 4487.17714226,2492.95098 4250.0164572,2472.88626 4015.5647727,2447.38026 3779.88172431,2416.9431 3543.95240314,2383.02012 3426.23401534,2365.506 3308.26935475,2347.6518  line 3308.26935475,2347.6518 3308.26935475,2340.0  
==============================
spline 3224.5301497,2730.0 3877.67189585,2730.0 5078.48215699,2733.13443 5233.96851657,2737.20252 5389.45487616,2743.338 5513.74492793,2750.007 5575.88995381,2755.40889 5638.28256944,2762.34465 5700.42759533,2776.683 5638.28256944,2799.15753 5575.88995381,2809.69455 5513.74492793,2818.23087 5389.45487616,2831.43549 5233.96851657,2843.70645 5078.48215699,2852.97636 4767.26184807,2863.11324 4705.11682218,2863.38 4531.06123176,2860.37895 4313.18225654,2849.97531 4095.55087107,2834.23647 3877.67189585,2814.22947 3660.04051038,2790.35445 3442.16153517,2763.74514 3333.4696373,2750.007 3224.5301497,2736.0021  line 3224.5301497,2736.0021 3224.5301497,2730.0  
==============================
spline 3198.19081517,3120.0 3754.40868055,3120.0 4851.8364573,3122.27292 5015.76949359,3125.22288 5179.47163828,3129.672 5310.61806732,3134.508 5375.96039023,3138.42516 5441.53360475,3143.4546 5507.10681926,3153.852 5441.53360475,3170.14932 5375.96039023,3177.7902 5310.61806732,3183.98028 5179.47163828,3193.55556 5015.76949359,3202.4538 4851.8364573,3209.17584 4524.43216792,3216.52656 4458.8589534,3216.72 4310.62654594,3214.5438 4125.22059081,3206.99964 3939.81463568,3195.58668 3754.40868055,3181.07868 3569.00272543,3163.7658 3383.5967703,3144.47016 3290.77834693,3134.508 3198.19081517,3124.3524  line 3198.19081517,3124.3524 3198.19081517,3120.0  
==============================
spline 3295.09968749,3510.0 3707.43322288,3510.0 4565.39430583,3511.41141 4705.15598331,3513.24324 4844.91766079,3516.09609 4956.69041594,3519.147138 5012.66826059,3521.435424 5068.4631711,3523.87386 5124.44101574,3528.294276 5068.4631711,3538.960932 5012.66826059,3543.231198 4956.69041594,3547.501464 4844.91766079,3554.50446 4705.15598331,3561.20115 4565.39430583,3565.37532 4285.68801674,3569.93988 4229.89310623,3570.06 4119.9496924,3568.70865 3982.56615865,3564.02397 3844.99969076,3556.93689 3707.43322288,3547.92789 3570.04968912,3537.17715 3432.84908951,3525.19518 3363.88292143,3519.009 3295.09968749,3512.7027  line 3295.09968749,3512.7027 3295.09968749,3510.0  
==============================
line 3454.62660038,3705.0 4836.69621024,3705.0  spline 4836.69621024,3705.0 4793.43743145,3711.688656 4750.31685962,3715.946988 4707.05808084,3721.704792 4620.67873022,3726.29166 4512.73909369,3733.793232 4404.79945716,3740.2755 4188.9201841,3747.03576 4145.66140531,3747.12 4064.39571225,3746.1723 3962.81359593,3742.88694 3861.09327264,3737.91678 3759.51115632,3731.59878 3657.79083303,3724.0593 3556.20871671,3715.65636 3505.48676203,3711.318 3454.62660038,3706.8954  line 3454.62660038,3706.8954 3454.62660038,3705.0  
==============================
画出伸张轮廓的外围轮廓
spline 5458.6523831,780.0 5599.5429744,1170.0 5700.67607962,1560.0 5762.30018304,1950.0 5770.99713312,2340.0 5700.42759533,2730.0 5507.10681926,3120.0 5124.44101574,3510.0 4836.69621024,3705.0 4070.37066605,3900.0 3454.62660038,3705.0 3295.09968749,3510.0 3198.19081517,3120.0 3224.5301497,2730.0 3308.26935475,2340.0 3418.09941005,1950.0 3536.87489971,1560.0 3668.82005664,1170.0 3805.23793075,780.0  
==============================
画出最大厚度线
spline 4929.55975835,780.0 4981.71164072,1170.0 5008.25970205,1560.0 5000.43493182,1950.0 4911.50513847,2340.0 4705.11682218,2730.0 4456.5500374,3120.0 4229.89310623,3510.0 4145.66140531,3705.0 4070.37066605,3900.0  
==============================
画出正投轮廓母线
line 0,-500 0,4150.0  
==============================
画出正投轮廓
spline 415.465848619,660.142506306 664.507033326,962.979959636 857.676964209,1303.06953961 994.908777537,1677.09764903 1068.23457038,2081.94017749 1056.03313343,2517.47771015 916.91092742,2982.22640844 583.660385543,3461.13284263 320.563598595,3691.10606448 -410.627838691,3878.32241802 -985.110711317,3571.63574381 -1123.40109311,3325.36764644 -1189.07719389,2884.52689829 -1138.21299834,2481.40507987 -1031.83994964,2100.21577899 -896.612386119,1731.64263896 -744.485947489,1370.89046754 -570.22794504,1021.63598737 -379.4824031,681.463943094  
==============================
画出侧投轮廓母线
line -4500.0,-500 -4500.0,4150.0  
==============================
画出侧投轮廓基准线
line -4500.0,0 -5177.22789299,3900.0  spline -4318.7655786,780.0 -4423.1483679,1170.0 -4527.5311572,1560.0 -4631.91394649,1950.0 -4736.29673579,2340.0 -4840.67952509,2730.0 -4945.06231439,3120.0 -5049.44510369,3510.0 -5101.24649834,3705.0 -5153.82789299,3900.0  
==============================
line -4635.4455786,780.0 -4318.7655786,780.0  line -4703.1683679,1170.0 -4423.1483679,1170.0  line -4770.8911572,1560.0 -4527.5311572,1560.0  line -4838.61394649,1950.0 -4631.91394649,1950.0  line -4906.33673579,2340.0 -4736.29673579,2340.0  line -4974.05952509,2730.0 -4840.67952509,2730.0  line -5041.78231439,3120.0 -4945.06231439,3120.0  line -5109.50510369,3510.0 -5049.44510369,3510.0  line -5143.36649834,3705.0 -5101.24649834,3705.0  line -5177.22789299,3900.0 -5153.82789299,3900.0  
==============================
画出侧投轮廓
spline -3773.62168418,691.39276491 -3849.17560255,996.132551671 -3974.06981304,1334.68993401 -4120.21661734,1706.29878945 -4281.60353742,2109.00540934 -4456.89592216,2517.47771015 -4655.38857205,2982.22640844 -4894.06404506,3461.13284263 -5041.65187683,3691.10606448 -5301.08003607,3878.32241802 -5457.36291281,3571.63574381 -5489.17308103,3325.36764644 -5496.216209,2884.52689829 -5472.47294398,2481.40507987 -5433.95707177,2100.21577899 -5388.71939485,1731.64263896 -5341.31756834,1370.89046754 -5283.03998673,1021.63598737 -5206.26170318,681.463943094  
==============================
